[59 31 15 12  3]
[255 255 255 126 255]
[255 255 191 126 255]
[255 255  63 126 255]
[255 255  63 126 127]
[255 255  29 126 254]
[255 255  31 126 127]
[255 255  31 126  63]
[255 255  63 126 252]
[255  63  15  63  23]
[255  63  15  31  23]
[255 255  31 126 255]
[255 255  15 126 127]
[255 255  31  63  31]
[255 126  30 126  63]
[59 31  9 29 11]
[59 31 15 31 31]
[255 126  15 126 127]
[255 126   3  63  22]
[255  62  15  63  63]
[59 62 11 31 31]
[59 62 15 31  6]
[255 126   3  63   8]
[255 255  31 126  31]
[255 126  22 126  63]
[255 255  22 126  63]
[255 255  11  63  31]
[255 255  15  63  31]
[255 126  15 126  63]
[59 62 15 63  7]
[123  63  15  31  31]
[21 62 15 31  6]
[59 31 15 31 23]
[59 31 15 29 11]
[255 126  22 126  31]
[255 126   3  63  63]
[59 31 15 31 11]
[255 255  22 126  31]
[255 255  15  63  63]
[255 126   3  63  31]
[255  63  15  31  11]
[255 255  26 126 127]
[255 126  15  63  28]
[255 126  30  63  31]
[59 62 15 31  1]
[255  63  15  63  31]
[255 255   6 126  31]
[255 255  15 126  31]
[255 126  15 126  23]
[255 126  15 126  28]
